[LEFT_CAM_2K]
cx=1073.89
cy=596.301
fx=1399.39
fy=1399.39
k1=-0.171022
k2=0.0270087

[LEFT_CAM_FHD]
cx=929.891
cy=515.301
fx=1399.39
fy=1399.39
k1=-0.171022
k2=0.0270087

[LEFT_CAM_HD]
cx=623.445
cy=346.15
fx=699.697
fy=699.697
k1=-0.171022
k2=0.0270087

[LEFT_CAM_VGA]
cx=326.723
cy=180.075
fx=349.848
fy=349.848
k1=-0.171022
k2=0.0270087

[RIGHT_CAM_2K]
cx=1110.8
cy=635.943
fx=1397.77
fy=1397.77
k1=-0.171043
k2=0.0270012

[RIGHT_CAM_FHD]
cx=966.795
cy=554.943
fx=1397.77
fy=1397.77
k1=-0.171043
k2=0.0270012

[RIGHT_CAM_HD]
cx=641.898
cy=365.972
fx=698.886
fy=698.886
k1=-0.171043
k2=0.0270012

[RIGHT_CAM_VGA]
cx=335.949
cy=189.986
fx=349.443
fy=349.443
k1=-0.171043
k2=0.0270012

[STEREO]
BaseLine=63.0738
CV_2K=0.000893777
CV_FHD=0.000893777
CV_HD=0.000893777
CV_VGA=0.000893777
RX_2K=0.00880507
RX_FHD=0.00880507
RX_HD=0.00880507
RX_VGA=0.00880507
RZ_2K=0.000975293
RZ_FHD=0.000975293
RZ_HD=0.000975293
RZ_VGA=0.000975293
