[LEFT_CAM_2K]
fx = 1397.47
fy = 1397.47
cx = 1045
cy = 619.207
k1 = -0.170274
k2 = 0.0253757
p1 = 0
p2 = 0


[RIGHT_CAM_2K]
fx = 1402.63
fy = 1402.63
cx = 1090.49
cy = 624.226
k1 = -0.169185
k2 = 0.0240661
p1 = 0
p2 = 0


[LEFT_CAM_FHD]
fx = 1397.47
fy = 1397.47
cx = 901.005
cy = 538.207
k1 = -0.170274
k2 = 0.0253757
p1 = 0
p2 = 0


[RIGHT_CAM_FHD]
fx = 1402.63
fy = 1402.63
cx = 946.491
cy = 543.226
k1 = -0.169185
k2 = 0.0240661
p1 = 0
p2 = 0


[LEFT_CAM_HD]
fx = 698.737
fy = 698.737
cx = 609.002
cy = 357.603
k1 = -0.170274
k2 = 0.0253757
p1 = 0
p2 = 0


[RIGHT_CAM_HD]
fx = 701.315
fy = 701.315
cx = 631.746
cy = 360.113
k1 = -0.169185
k2 = 0.0240661
p1 = 0
p2 = 0


[LEFT_CAM_VGA]
fx = 349.369
fy = 349.369
cx = 320.001
cy = 186.302
k1 = -0.170274
k2 = 0.0253757
p1 = 0
p2 = 0


[RIGHT_CAM_VGA]
fx = 350.658
fy = 350.658
cx = 331.373
cy = 187.557
k1 = -0.169185
k2 = 0.0240661
p1 = 0
p2 = 0


[STEREO]
Baseline = 120
CV_2K = 0.0000000448527
CV_FHD = 0.0000000448527
CV_HD = 0.0000000448527
CV_VGA = 0.0000000448527
RX_2K = -0.0120325
RX_FHD = -0.0120325
RX_HD = -0.0120325
RX_VGA = -0.0120325
RZ_2K = -0.000258275
RZ_FHD = -0.000258275
RZ_HD = -0.000258275
RZ_VGA = -0.000258275
