[LEFT_CAM_2K]
fx = 1398.55
fy = 1398.55
cx = 1073.14
cy = 593.375
k1 = -0.170087
k2 = 0.025443
p1 = 0
p2 = 0


[RIGHT_CAM_2K]
fx = 1401.21
fy = 1401.21
cx = 1086.21
cy = 568.945
k1 = -0.173108
k2 = 0.0278144
p1 = 0
p2 = 0


[LEFT_CAM_FHD]
fx = 1398.55
fy = 1398.55
cx = 929.144
cy = 512.375
k1 = -0.170087
k2 = 0.025443
p1 = 0
p2 = 0


[RIGHT_CAM_FHD]
fx = 1401.21
fy = 1401.21
cx = 942.208
cy = 487.945
k1 = -0.173108
k2 = 0.0278144
p1 = 0
p2 = 0


[LEFT_CAM_HD]
fx = 699.277
fy = 699.277
cx = 623.072
cy = 344.687
k1 = -0.170087
k2 = 0.025443
p1 = 0
p2 = 0


[RIGHT_CAM_HD]
fx = 700.603
fy = 700.603
cx = 629.604
cy = 332.472
k1 = -0.173108
k2 = 0.0278144
p1 = 0
p2 = 0


[LEFT_CAM_VGA]
fx = 349.639
fy = 349.639
cx = 327.036
cy = 179.844
k1 = -0.170087
k2 = 0.025443
p1 = 0
p2 = 0


[RIGHT_CAM_VGA]
fx = 350.301
fy = 350.301
cx = 330.302
cy = 173.736
k1 = -0.173108
k2 = 0.0278144
p1 = 0
p2 = 0


[STEREO]
Baseline = 120
CV_2K = 0.0113674
CV_FHD = 0.0113674
CV_HD = 0.0113674
CV_VGA = 0.0113674
RX_2K = -0.00537893
RX_FHD = -0.00537893
RX_HD = -0.00537893
RX_VGA = -0.00537893
RZ_2K = 0.000191575
RZ_FHD = 0.000191575
RZ_HD = 0.000191575
RZ_VGA = 0.000191575
