[LEFT_CAM_2K]
fx = 1398.52
fy = 1398.52
cx = 1160.02
cy = 628.427
k1 = -0.170595
k2 = 0.023034
p1 = 0
p2 = 0


[RIGHT_CAM_2K]
fx = 1401.42
fy = 1401.42
cx = 1142.23
cy = 655.994
k1 = -0.172263
k2 = 0.0256118
p1 = 0
p2 = 0


[LEFT_CAM_FHD]
fx = 1398.52
fy = 1398.52
cx = 1016.02
cy = 547.427
k1 = -0.170595
k2 = 0.023034
p1 = 0
p2 = 0


[RIGHT_CAM_FHD]
fx = 1401.42
fy = 1401.42
cx = 998.226
cy = 574.994
k1 = -0.172263
k2 = 0.0256118
p1 = 0
p2 = 0


[LEFT_CAM_HD]
fx = 699.258
fy = 699.258
cx = 666.509
cy = 362.214
k1 = -0.170595
k2 = 0.023034
p1 = 0
p2 = 0


[RIGHT_CAM_HD]
fx = 700.712
fy = 700.712
cx = 657.613
cy = 375.997
k1 = -0.172263
k2 = 0.0256118
p1 = 0
p2 = 0


[LEFT_CAM_VGA]
fx = 349.630005
fy = 349.630005
cx = 348.255005
cy = 188.106750
k1 = -0.170595
k2 = 0.023034
p1 = 0
p2 = 0


[RIGHT_CAM_VGA]
fx = 349.630005
fy = 349.630005
cx = 348.255005
cy = 188.106750
k1 = -0.172263
k2 = 0.0256118
p1 = 0
p2 = 0


[STEREO]
Baseline = 120
CV_2K = 0.00532464
CV_FHD = 0.00532464
CV_HD = 0.00532464
CV_VGA = 0.00532464
RX_2K = -0.000315951
RX_FHD = -0.000315951
RX_HD = -0.000315951
RX_VGA = -0.000315951
RZ_2K = -0.00148165
RZ_FHD = -0.00148165
RZ_HD = -0.00148165
RZ_VGA = -0.00148165
